Triângulo
Amarelo
00000
00100
01110
11111
00000

Quadrado
Azul
00000
01110
01110
01110
00000

Círculo
Marrom
00000
01110
11111
01110
00000

Quadrado
Azul
00000
01110
01110
01110
00000

Triângulo
Vermelho
00000
00100
01110
11111
00000

Trapézio
Roxo
00000
00111
01110
11100
00000

Triângulo
Rosa
00000
01110
01110
01110
00000

Quadrado
Branco
00000
00100
01110
11111
00000

Quadrado
Preto
00000
00100
01110
11111
00000

Quadrado
Dourado
00000
00100
01110
11111
00000

Quadrado
Lilás
00000
00100
01110
11111
00000

Quadrado
Bege
00000
00100
01110
11111
00000